все что не попало в файл - хорошая маска

плохая маска:
63335,63442,63536,63559,63569,63605,63807,63969,64063,64518,64638,65126,65135,65259,65306,65472,65476,65604,65725,65753,65784,65800,65832,65866,66413,66466,66646,66648,66737,66914,66920,67174,67177,67199,67304,67362,67589,67567,67863,67957,67962,67971,68387,68419,68504,68521,68613,68733,68870,68892,68938,68955,68956,68989,68991,69086,69120,69135,69201,69232,69242,69265,69312,69428,69469,69496,69623,69642,70014,70056,70113,70224,70286,70305,70379,70508,70512,70565,70589,70618,70681,70703,70895,70917,70925,70988,71062,71190,71213,71233,71267,71276,71326,71421,71524,71557,71631,71711,71831,71844,71900,72018,72107,72135,72501,72546,72622,72652,72970,73110,73153,73198,

плохое изображение:
53577,63631,63635,63712,63740,63746,63758,63783,63883,63994,64090,64169,64222,64225,64231,64358,64386,64474,64511,64522,64524,64583,64617,64678,64695,64735,64741,64760,64810,65011,65087,65095,65101,65150,65211,65326,65329,65387,65404,65439,65455,65491,65503,65514,65547,65611,65657,65688,65692,65741,65744,65758,65878,65901,65951,66123,66126,66256,66263,66377,66395,66452,66474,66482,66491,66594,66602,66695,66938,66990,67025,67039,67052,67081,67113,67122,67150,67273,67408,67519,67527,67557,67587,67626,67632,67663,67676,67692,67755,67759,67762,67783,67855,67887,67935,67945,68072,68092,68350,68366,68377,68380,68398,68481,68496,68572,68575,68676,68687,68729,68794,68805,68848,68885,68952,69027,69079,69271,69284,69289,69307,69333,69384,69406,69419,69551,69552,69605,69655,69658,69683,69685,69692,69719,69769,69802,69875,69904,69906,69925,70041,70195,70238,70260,70272,70329,70338,70411,70460,70462,70643,70646,70650,70691,70704,70737,70772,70812,70854,71075,71077,71090,71298,71313,71322,71339,71399,71426,71440,71449,71490,71509,71535,71615,71669,71690,71727,71801,71833,71871,71912,71932,71969,71998,72038,72040,72075,72089,72250,72347,72421,72430,72436,72484,72628,72646,72658,72683,72716,72740,72782,72830,72898,72901,72919,73021,73050,73068,73099,73104,73248,asfass



