все что не попало в файл - плохое изображение

хорошая маска:
12415,14568,14570,14585,14587,14588,14589,14590,14591,14592,14596,12597,14598,14610,14617,14618,14620,14622,14625,14628,14630,14631,14633,14637,14639,14647,14659,14651,14819,15220,24358,24372,24402,24420,24445,24453,24669,24740,24758,24773,24782,24883,24904,24970,24971,25040,25063,25066,25076,25083,25182,25249,25250,25321,25376,25419,25471,25510,25578,25605,25693,25746,25767,25807,25867,25874,25915,25928,25937,25939,25954,25984,26153,26219,26249,26280,26298,26365,26393,26457,26523,26526,26549,26607,27008,27018,27210,27335,27385,27454,27470,27533,27536,27706,27735,27739,27781,27856,27905,27957,27969,27983,28076,28094,28104,28158,28237,28347,28389,28406,28451,28499,28560,28607,28622,28646,28701,28714,28730,28735,28846,28920,28926,29022,29040,29249,29260,29289,29261,29301,29302,29315,29329,29396,29588,29598,29610,29617,29674,29687,29715,29836,29889,29932,29991,30005,30015,30026,30070,30123,30245,30346,30488,30565,30606,30698,30770,30926,31029,31037,31093,31119,31212,31270,31346,31421,31485,31537,31620,31702,31783,31812,32043,32154,32156,32315,32358,32365,32486,32538,32643,32842,32867,33041,33230,33446,33458,33466,33482,33606,33817,33854,33860,33899,34103,34113,34169,34214,54002,54325,54533,54687,54840,54893,54900,55256,55260,55331,55569,55636,55955,56179,56693,56724,56773,56818,57046,58347,58443,58640,58756,58888,59102,59108,59242,59265,59540,59588,59953,60493,60636,60808,61121,61154,61238,61307,61503,61871,62212,62609,62653,62697,62706,62964,63006,63038,63045,63646,63831,63927,64016,64083,64115,64323,64330,64502,64700,64789,64796,64930,65291,65399,65538,65628,65993,66006,66108,66129,66370,66461,66587,67432,67490,


плохая маска:
12143,12172,12359,12386,12452,12517,12666,12697,13165,13270,13637,13687,13706,13707,13708,14029,14031,14038,14169,14177,14179,14264,14273,14278,14409,14457,14474,14500,14535,14537,14554,14573,14574,14575,14612,14615,14619,14626,14632,14634,14635,14636,14641,14642,14643,14644,14645,14646,15112,24312,24318,24329,24330,24336,24337,24338,24370,24371,24381,24383,24386,24396,24402,24408,24409,24412,24422,24426,24435,24450,24471,24475,24498,24505,24522,24539,24553,24562,24575,24579,24626,24654,24672,24676,24705,24706,24708,24709,24726,24774,24800,24814,24825,24843,24850,24851,24877,24913,24923,24948,24973,24997,25005,25016,25029,25030,25032,25033,25038,25068,25131,25136,25140,25154,25157,25209,25222,25276,25292,25302,25331,25351,25358,25378,25392,25411,25425,25507,25515,25526,25548,25612,25622,25623,25654,25677,25680,25696,25710,25712,25719,25743,25753,25758,25780,25790,25805,25830,25837,25856,25876,25879,25883,25980,26068,26083,26104,26135,26159,26171,26205,26262,26273,26290,26311,26313,26362,26416,26422,26441,26466,26467,26468,26471,26473,26481,26493,26511,26539,26566,26623,26634,26644,26713,62787,26827,26844,26846,26867,26871,26941,26947,27006,27027,27037,27042,27068,27084,27118,27141,27142,27159,27167,27172,27188,27182,27270,27275,27320,27334,27355,27367,27370,27428,27437,27452,27488,27504,27527,27559,27613,27649,27655,27700,27737,27760,27767,27780,27796,27829,27937,27954,27982,27989,27996,28020,28502,28080,28120,28258,28264,28354,28376,28386,28431,28449,28555,28623,28644,28681,28854,28876,28885,28913,28943,28952,28958,28977,28990,28992,29002,29012,29014,29036,29048,29052,29059,29062,29107,29108,29115,29130,29141,29161,29195,29202,29206,29217,29227,29233,29235,29251,29279,29297,29345,29420,29514,29518,29548,29555,29559,29563,29567,29627,29634,29676,29713,29742,29760,29770,29776,29778,29791,29801,29823,29824,29878,29947,29962,29968,30056,30067,30076,30095,30104,30105,30160,30203,30207,30208,30244,30310,30316,30318,30341,30365,30369,30377,30387,30394,30408,30436,30555,30561,30602,30605,30607,30655,30665,30700,30706,30721,30723,30758,30821,30849,30870,30935,30959,30976,30998,31002,31017,31024,31088,31103,31130,31132,31181,31215,31217,31223,31226,31228,31253,31271,31309,31329,31334,31352,31362,31372,31181,31394,31396,31428,31443,31449,31457,31459,31495,31511,31519,31522,31558,31633,31659,31692,31706,31735,31897,31901,31903,31918,31927,31940,31989,32040,32051,32064,32111,32113,32124,32170,32179,32200,32203,32206,32235,32304,32397,32410,32463,32468,32508,32545,32567,32576,32613,32614,32642,32654,32732,32756,32757,32763,32804,32827,32839,32843,32863,32866,32877,32884,32897,32919,32929,32932,32949,32967,32983,33005,33022,33088,33124,33127,33151,33185,33199,33212,33235,33252,33256,33260,33262,33280,33284,33305,33306,33307,33321,33322,33349,33378,33400,33449,33453,33456,33491,33494,33505,33509,33523,33528,33531,33536,33539,33550,33533,33554,33576,33582,33583,33620,33631,33635,33659,33675,33676,33685,33691,33693,33701,33716,33722,33732,33736,33744,33750,33761,33770,33784,33810,33811,33828,33853,33865,33869,33884,33891,33908,33924,33952,33973,33987,34007,34011,34024,34126,34135,34165,34168,34175,34186,34189,34201,34235,34252,34280,34296,34303,34315,53523,53538,53715,54425,54720,54855,54935,54981,55064,55164,55182,55473,55988,56519,56913,56925,57127,57182,57455,57477,57492,57561,57590,57745,57962,58051,58152,58230,58452,58762,58990,59118,60131,60217,60331,60366,60593,60711,60830,60850,61030,61232,61263,61410,61550,61582,61599,61674,61723,61817,61821,61830,62374,62479,62550,62949,63275,63513,64127,64398,64480,64787,64817,64861,64977,65300,66450,66455,66547,66688,66721,66762,67078,67544,sdfs

Хорошая маска:67643, 67799, 67868, 68232, 68281, 68312, 68325, 68354, 68426, 68563, 68681, 68812, 68973, 68977, 69020, 69192, 69198, 69478, 69487, 69585, 69755, 69763, 69885, 70175, 70245, 70716, 70858, 70963, 71013, 71024, 71186, 71356, 71383, 71619, 72149, 72153, 72905, 73012, 73214

Плохая маска: 68067, 68203, 68214, 68264, 68266, 68409, 68422, 68482, 68859, 69304, 69322, 69327, 69682, 69930, 70445, 70688, 70922, 70981, 71071, 71104, 71222, 71225, 71530, 71962, 71976, 72058, 72070, 72479, 72895, 73223



