нет масок: 66510,67110,67760, 71410, 71560, 73220

плохое изображение: 
65523,65539,65546,65548,65578,65601,65616,65619,65622,65670,65718,65723,65728,65735,65739,65743,65748,65790,65797,65841,65846,65877,65879,65911,65921,65922,65944,65967,65971,65980,66009,66019,66025,66039,66048,66054,66102,66105,66115,66131,66137,66157,66182,66208,66225,66229,66240,66248,66301,66319,66325,66331,66339,66386,66404,66406,66414,66421,66422,66426,66429,66431,66439,66449,66481,66485,66497,66505,66525,66550,66555,66558,66570,66598,66600,66636,66676,66685,66689,66690,66716,66725,66734,66736,66760,66769,66778,66799,66818,66824,66837,66878,66910,66921,66950,66964,66968,66979,66992,66997,67040,67042,67043,67067,67068,67079,67080,67087,67089,67097,67102,67103,67109,67126,67128,67171,67179,67183,67210,67219,67228,67233,67234,67242,67248,67256,67259,67269,67276,67277,67284,67296,67305,67307,67313,67323,67333,67354,67380,67390,67420,67424,67430,67438,67452,67453,67454,67456,67459,67460,67464,67466,67469,67486,67499,67506,67508,67512,67550,67564,67565,67567,67572,67614,67621,67628,67649,67653,67659,67666,67677,67689,67699,67714,67718,67719,67730,67778,67784,67815,67816,67832,67836,67896,67901,67914,67925,67937,67956,67967,67976,67985,67986,67988,67993,67997,67999,68003,68005,68011,68023,68030,68032,68044,68046,68051,68074,68076,68080,68083,68089,68107,68112,68119,68122,68124,68130,68136,68145,68153,68161,68164,68185,68224,68228,68234,68236,68239,68243,68275,68310,68326,68329,68338,68339,68343,68346,68358,68368,68460,68491,68495,68536,68540,68545,68548,68584,68591,68614,68617,68629,68632,68642,68644,68645,68646,68659,68667,68669,68677,68680,68692,68696,68713,68724,68731,68735,68751,68758,68762,68764,68768,68769,68777,68782,68786,68813,68840,68863,68864,68867,68886,68898,68900,68904,68905,68928,68931,68932,68936,68941,68950,68980,69001,69087,69104,69106,69142,69143,69154,69167,69239,69250,69253,69254,69260,69277,69292,69324,69351,69373,69378,69381,69395,69402,69411,69421,69432,69455,69457,69464,69465,69485,69503,69558,69560,69592,69604,69620,69635,69650,69667,69669,69679,69691,69698,69715,69754,69774,69781,69792,69812,69828,69838,69840,69844,69868,69888,69920,69924,69929,69938,69947,69955,69956,69966,69975,69987,69988,70006,70018,70020,70024,70032,70046,70050,70060,70065,70070,70074,70086,70102,70108,70111,70133,70140,70154,70160,70170,70182,70220,70228,70235,70246,70253,70275,70279,70283,70285,70291,70301,70306,70309,70327,70328,70333,70342,70344,70345,70355,70375,70380,70381,70398,70399,70400,70422,70430,70432,70435,70463,70487,70489,70490,70554,70561,70571,70573,70580,70587,70631,70633,70656,70665,70677,70684,70700,70701,70718,70727,70738,70743,70748,70751,70778,70785,70789,70809,70815,70835,70844,70882,70892,70893,70894,70897,70913,70915,70931,70933,70935,70940,70942,70943,70945,70951,70997,71000,71019,71029,71040,71050,71069,71072,71073,71095,71097,71110,71135,71138,71147,71175,71189,71192,71193,71196 ()

плохая маска: 
65582,65607,65627,65675,65691,65697,65709,65765,65780,65813,65843,65845,65852,65968,66150,66232,66251,66346,66350,66354,66355,66378,66423,66424,66456,66462,66469,66487,66492,66520,66529,66593,66637,66639,66659,66660,66661,66666,66844,66845,66884,66888,66998,67026,67130,67139,67161,67165,67235,67240,67282,67288,67289,67347,67375,67386,67395,67444,67467,67483,67487,67515,67526,67539,67576,67600,67612,67662,67756,67757,67758,67767,67776,67819,67831,67838,67843,67854,67890,67899,68007,68054,68061,68068,68090,68166,68173,68180,68187,68193,68195,68218,68255,68259,68271,68287,68293,68294,68302,68309,68374,68382,68383,68403,68445,68457,68470,68477,68489,68500,68527,68531,68553,68560,68619,68668,68747,68770,68800,68808,68829,68874,68875,68884,68944,68945,68962,68983,69038,69093,69095,69098,69148,69174,69178,69193,69207,69213,69219,69261,69301,69356,69347,69362,69407,69424,69465,69525,69536,69549,69561,69581,69582,69641,69742,69753,69807,69817,69854,69919,70042,70180,70217,70226,70227,70271,70276,70295,70319,70427,70436,70491,70521,70528,70547,70596,70600,70606,70613,70624,70710,70729,70739,70774,70787,70830,70833,70853,70862,70864,70883,70909,70958,70966,71031,71060,71105,71111,71127,71134,71177,71180,71195,


__________________________________________________________________________________________

плохое изображение:71199, 71208, 71218, 71223, 71232, 71235, 71239, 71245,71250, 71251,
71258, 71284, 71287, 71289, 71292, 71294, 71296, 71300, 71302, 71307, 71308, 71316, 71324, 71325, 71331, 71335, 71341, 71342, 71345, 71366, 71378, 71381,71386, 71389, 71397, 71398, 71400, 71414, 71419, 71422, 71441, 71446, 71448, 71461, 71467, 71474, 71480, 71483, 71486, 71506, 71513, 71515, 71536, 71540,71547, 71458, 71459, 71555, 71565, 71570, 71572, 71583, 71585, 71586, 71589, 71598, 71600, 71603, 71607, 71618, 71637, 71639, 71642, 71648, 71676, 71706,71713, 71715, 71722, 71730, 71739, 71743, 71746, 71757, 71763, 71765, 71767, 71776, 71826, 71835, 71843, 71867, 71869, 71873, 71878, 71881, 71885, 71890,71893, 71907, 71913, 71944, 71958, 71991, 72086, 72088,72092, 72112, 72129, 72131, 72134, 72143, 72186, 72194, 72196, 72213, 72245, 72247, 72249, 72254,72269, 72287, 72345, 72327, 72361, 72365, 72433, 72450, 72452, 72461, 72463, 72465, 72474, 72487, 72505, 72520, 72528, 72531, 72536, 72537, 72548, 72564,72590, 72605, 72610, 72616, 72620, 72623, 72640, 72641, 72662, 72666, 72673, 72693, 72698, 72709, 72723, 72805, 72810, 72821, 72853, 72900, 72916, 72926,72965, 72975, 72994, 73002, 73032, 73033, 73043, 73054, 73079, 73082, 73097, 73101, 73111, 73115, 73122, 73128, 73137, 73138, 73144, 73148, 73170, 73173,73221, 73225, 73241,71236, 71401, 71416, 71564, 71597, 71599, 71612, 71687, 71709, 71720, 71726,  71788, 71822, 71875, 71917, 71923, 71931, 71935, 71958, 71959, 71967, 71968,71987, 72002,72005, 72010, 72011,72029, 72061, 72066, 72068,72096, 72101, 72109,72124, 72140, 72211, 72228, 72229, 72237,72239,72251, 72276, 72293,72386, 72422, 72457, 72534, 72539,72586, 72660, 72776, 72827, 72909, 


плохая маска:71230, 71246, 71255, 71303, 71305, 71314, 71321, 71332, 71334,  71346, 71355, 71359,71367, 71374, 71392, 71408, 71415, 71431, 71432, 71455,71460, 71481, 71485,71491,1492, 71498, 71523, 71528, 71537, 71541, 71546, 71567, 71594, 71622, 71643, 71652, 71673, 71692, 71700, 71701, 71710, 71740,71782, 71783, 71797, 71800, 71824, 71827, 71832, 71836, 71842, 71850, 71898, 71910,  71950, 71951, 71966, 71986, 71988, 71990, 71997, 72021,72025, 72027,72028, 72051, 72052, 72063, 72074, 72076, 72087, 72091, 72099, 72105, 72121, 72127, 72136, 72141, 72151, 72159, 72170, 72185, 72201, 72210, 72215, 72218,72221, 72223, 72241, 72266, 72284, 72292, 72295, 72301, 72319, 72324, 72333, 72342, 72346, 72348, 72353, 72356, 72360, 72362, 72373, 72375, 72377, 72382,72385, 72388, 72405, 72408, 72418, 72434, 72439, 72445, 72446, 72453, 72454, 72459, 72473, 72495, 72496, 72507, 72516, 72523, 72524, 72569, 72587, 72595,72627, 72638, 72649, 72653, 72654, 72670, 72679, 72694, 72710, 72713, 72714, 72717, 72731, 72744, 72747, 72771, 72772, 72786, 72792, 72798, 72809, 72824,72825, 72826, 72835, 72841, 72851, 72852, 72857, 72858, 72868, 72876, 72880, 72885, 72891, 72894, 72896, 72923, 72939, 72941, 72942, 72953, 72960, 72962, 72966, 72977, 72989, 72990, 72998, 73004, 73009, 73010, 73018, 73023, 73027, 73036, 73047, 73049, 73055, 73058, 73059, 73061, 73063, 73065, 73066, 73072,73081, 73086, 73091, 73092, 73125, 73127, 73143, 73146, 73150, 73155, 73169, 73172, 73196, 73202, 73203, 73207, 73209, 73210, 73218, 73238, 73247, 73249, 71450, 71674, 71759, 

ни то ни то: 71468, 71651, 71883, 71895, 71908, 71911, 72082, 72138, 72189,72924
