неплохая/нехорошая маска: 

повтор: 

нет масок?: 26900,26901,26902,26903,26904,26906,26908,26909,27500,27501,27502,27503,27505,27507,27508,27800,27803,27804,27805,27807,27808,278089,27809,28202,28203,28204,28205,28206,28207,28208,28290,28300,28301,28302,28303,28304,28305,28306,28307,28500,28501,28502,28504,28505,28506,28507,28508,28509,28850,29200,29201,29203,29204,29205,29207,29208,29209,29400,29402,29403,29405,29407,29408,29409,29480,29501,29502,29503,29504,29506,29507,29508,29509,

плохое изображение: 
26863,26865,26868,26887,26892,26918,26926,26932,26939,26940,26952,26954,26956,26957,26960,26964,25976,26978,26988,26995,27012,27015,27029,27030,27038,27045,27046,27048,27065,27069,27071,27072,27073,27074,27091,27093,27119,27120,27125,27135,27146,27149,27150,27153,27156,27175,27179,27181,27186,27187,27189,27204,27212,27220,27221,27222,27230,27232,27237,27240,27242,27250,27261,27268,27274,27278,27285,27290,27317,27324,27328,27336,27337,27348,27358,27361,27365,27371,27372,27376,27383,27397,27399,27407,27409,27410,27416,27421,27425,27429,27430,27432,27433,27436,27438,27439,27459,27465,27473,27478,27481,27511,27514,27515,27516,27517,27521,27526,27531,27544,27545,27546,27560,27564,27565,27568,27590,27592,27609,27610,27611,27623,27629,27638,27651,27653,27669,27676,27677,27679,27688,27702,27709,27717,27721,27722,27734,27736,27740,27741,27746,27751,27759,27763,27764,27774,27776,27777,27779,27782,27786,27788,27789,27791,27814,27817,27818,27824,27825,27827,27833,27834,27844,27851,27853,27868,27870,27872,27892,27895,27899,27901,27908,27915,27920,27944,27949,27966,27979,27984,27987,27995,27998,28002,28009,28016,28019,28021,28022,28028,28031,28048,28050,28053,28057,27059,28062,28065,28066,28079,28082,28083,28087,28097,28098,28101,28102,28103,28107,28113,28138,28143,28147,28152,28154,28155,28159,28173,28182,28185,28194,28213,28214,28218,28220,28221,28222,28227,28253,28256,28265,28275,28278,28283,28284,28292,28310,28311,28312,28316,28323,28325,28329,28330,28334,28350,28351,28353,28356,28359,28362,28363,28398,28400,28413,28418,28419,28426,28427,28433,28434,28435,28442,28452,28457,28469,28480,28481,28483,28492,28519,28522,28527,28532,28533,28534,28547,28552,28556,28561,28563,28570,28572,28578,28583,28588,28594,28613,28614,28633,28639,28645,28652,28654,28671,28676,28677,28683,28684,28685,28687,28688,28694,28695,28699,28700,28704,28705,28708,28709,28721,28731,28732,28733,28745,28746,28758,28759,28775,28782,28799,28807,28814,28817,28821,28832,28836,28870,28871,28873,28878,28892,28895,28896,28901,28933,28934,28937,28945,28949,28950,28959,28964,28967,28968,28978,28981,28994,28997,28998,29001,29018,29019,29020,29021,29026,29028,29034,29035,29049,29050,29053,29057,29083,29089,29090,29094,29097,29098,29105,29129,29131,29146,29149,29150,29153,29155,29163,29174,29178,29182,29185,29186,29193,29212,29220,29223,29225,29229,29234,29241,29242,29245,29252,29254,29263,29265,29282,29299,29300,29306,29337,29342,29346,29351,29353,29357,29365,29372,29382,29389,29412,29414,29419,29445,29452,29454,29476,29491,29492,29499,29513,29515,29517,29534,29535,29537,29558,29564,29566,29569,29574,29575,29591,29592,29593,29602,29611,29621,29622,29623,29630,29632,29633,29644,29658,29670,29681,29688,29694,29703,29714, - 27686,27687,

плохая маска: 
26850,26852,26854,26855,26856,26859,26862,26864,26873,26878,26879,26880,26881,26882,26884,26888,26889,26896,26910,26914,26915,26917,26919,26920,26921,26924,26928,26930,26933,26937,26942,26943,26949,26962,26963,26965,26969,26971,26972,26973,26975,26980,26985,26986,26987,26990,26994,26997,27000,27001,27009,27021,27028,27032,27035,27050,27052,27054,27055,27057,27059,27070,27079,27082,27085,27089,27096,27097,27101,27102,27103,27108,27114,27123,27128,27134,27136,27138,27145,27147,27148,27155,27157,27158,27160,27161,27165,27166,27168,27169,27170,27173,27177,27815,27190,27191,27195,27199,27201,27203,27208,27225,27228,27233,27234,27244,27247,27251,27257,27259,27264,27272,27273,27280,27283,27289,27292,27296,27302,27307,27309,27313,27315,27316,27318,27321,27322,27325,27329,27330,27331,27338,27342,27346,27347,27353,27356,27357,27359,27360,27362,26363,27366,27368,27373,27377,27378,27380,27381,27384,27386,27389,27395,27396,27401,27404,27405,27420,27422,27431,27440,27441,27443,27445,27453,27457,27466,27469,27472,27475,27476,27477,27483,27485,27487,27489,27490,27491,27494,27495,27496,27499,27510,27518,27519,27520,27532,27542,27543,27547,27549,27551,27554,27556,27557,27569,27571,27572,27573,27575,27576,27578,27579,27581,27583,27585,27586,27587,27589,27591,27596,27597,27599,27602,27605,27617,27618,27628,27630,27632,27633,27634,27636,27637,27641,27646,27655,27656,27657,27660,27663,27664,27670,27682,27683,27691,27695,27696,27699,27701,27703,27705,27707,27711,27723,27726,27732,27733,27748,27750,27758,27775,27778,27785,27787,27793,27799,27813,27823,27836,27841,27843,27845,27858,27861,27862,27865,27866,27869,27879,27880,27890,27897,27900,27904,27906,27910,27913,27917,27918,27919,27926,27928,27935,27936,27939,27941,27943,27946,27947,27955,27962,27965,27968,27971,27974,27975,27985,27986,27992,27993,27994,28000,28006,28007,28011,28013,28025,28026,28034,28038,28039,28040,28047,28054,28056,28058,28061,28068,28070,28073,28074,28081,28090,28108,28111,28116,28117,28119,28125,28128,28133,28136,28137,28140,28149,28150,28157,28160,28162,28164,28166,28170,28172,28175,28177,28184,28187,18191,28192,28193,28197,28199,28211,28225,28230,28235,28240,28241,28245,28246,28249,28250,28251,28252,28261,28262,28267,28269,28271,28274,28277,28279,28281,28282,28295,28296,28298,28299,28317,28318,28319,28320,29321,28327,28333,28337,28348,28356,28365,28366,28374,28379,28383,28384,28387,28390,28391,28392,28395,28397,28405,28408,28409,28410,28412,28416,28420,28440,28443,28459,28464,28471,28472,28474,28476,28485,28491,28495,28498,28512,28514,28515,28516,28521,28524,28535,28538,28541,28544,28545,28551,28574,28581,28586,28590,28595,28596,28597,28600,28604,28605,28606,28616,28620,28625,28629,28631,28635,28636,28638,28643,28655,28658,28660,26663,28668,28672,28674,28686,28689,28690,28703,28706,28711,28713,28716,28717,28724,28725,28726,28729,28741,28743,28744,28751,28753,28760,28767,28768,28769,28771,28772,28773,28783,28784,28788,28789,28796,28805,28806,28808,28811,28812,28813,28819,28824,28833,28835,28837,28838,28847,28848,28851,28853,28855,28859,28862,28867,28879,28883,28888,28891,28893,28897,28899,28900,28903,28904,28906,28911,28914,28915,28916,28919,28922,28927,28928,28935,28938,28939,28946,28955,28956,28960,28969,28974,28979,28984,28986,28999,29004,29005,29007,29008,29009,29023,29046,29047,29058,29063,29064,29066,29071,29074,29076,29077,29078,29085,29086,29088,29106,29109,29110,29111,29112,29118,29120,29123,29124,29125,29128,29136,29137,29142,29144,29148,29156,29164,29165,29169,29171,29172,29175,29180,29181,29197,29199,29216,29218,29221,29228,29239,29244,29246,29253,29255,29259,29261,29266,29267,29271,29274,29275,29278,29280,29284,29290,29292,29294,29295,29304,29310,29312,29317,29318,29321,29322,29330,29333,29334,29335,29336,29338,29339,29347,29350,29356,29359,29361,29367,29370,29373,29375,29378,29379,29381,29285,29386,29387,29398,29399,29410,29411,29416,29421,29423,29426,29429,29437,29440,29441,20442,29444,29458,29461,29463,29466,29468,20469,29473,29475,29477,29481,29482,29483,29484,29485,29489,29490,29496,29497,29510,29511,29512,29516,29520,29521,29523,29524,29526,29528,29532,29536,29539,29540,29542,29544,29550,29551,29552,29560,29561,29565,29584,29586,29587,29589,29590,29597,29601,29619,29625,29628,29631,29635,29639,29640,29643,29647,29648,29651,29652,29657,29660,29661,29663,29667,29668,29671,29672,29677,29679,29684,29685,29686,29689,29690,29691,29695,29697,29704,29705,29707,29708,29709,29710,29718,29721(тут закончил), 27185,27304,28191,28321,28663,28801,28996,29385,29442,29469
