нет масок:
24306,24307,24308,24309,24380,24530,24590,24600,24601,24603,24604,24605,24606,24607,24608,24609,24690,24900,24901,24902,24903,24905,24906,24907,24908,25000,25001,25002,25003,25004,25006,25007,25008,25009,25010,25011,25012,25013,25014,25015,25017,25018,25019,25020,25021,25022,25023,25024,25025,25026,25027,25028,25031,25034,25035,25036,25037,25039,25041,25042,25043,25044,25045,25046,25047,25048,25049,25050,25051,25052,25053,25054,25055,25056,25057,25058,25059,25060,25061,25062,25065,25067,25070,25071,25072,25073,25074,25077,25078,25079,25080,25081,25082,25084,25085,25087,25088,25090,25091,25092,25093,25094,25095,25096,25097,25098,25200,25201,25202,25203,25204,25205,25206,25207,25208,25300,25301,25303,25304,25305,25306,25307,25308,25309,25900,25901,25902,25904,25905,25907,25908,25909,26160,26200,26201,26202,26204,26207,26208,26209,26470,26730,26900,26901,26902,26903,26904,26906,26908,26909,27500,27501,27502,27503,27505,27507,27508,27800,27803,27804,27805,27807,27808,27808,27809,28202,28203,28204,28205,28206,28207,28208,28290,28300,28301,28302,28303,28304,28305,28306,28307,28500,28501,28502,28504,28505,28506,28507,28508,28509,28850,29200,29201,29203,29204,29205,29207,29208,29209,29400,29402,29403,29405,29407,29408,29409,29480,29501,29502,29503,29504,29506,29507,29508,29509,31100,31101,31102,31104,31105,31106,31107,31109,31602,31603,31604,31605,31606,31607,31608,31609,32000,32001,32002,32003,32004,32005,32007,32008,32009,32010,32011,32012,32015,32016,32017,32018,32019,32020,32021,32022,32023,32025,32026,32027,32028,32029,32030,32032,32033,32034,32035,32036,32037,32038,32039,32041,32042,32044,32046,32047,32048,32049,32050,32052,32053,32054,32055,32056,32058,32059,32060,32061,32062,32064,32065,32066,32067,32068,32069,32070,32071,32072,32073,32074,32075,32077,32078,32079,32080,32081,32082,32083,32084,32085,32086,32087,32088,32089,32090,32091,32092,32093,32094,32095,32096,32097,32098,32300,32301,32302,32305,32307,32308,32309,32400,32401,32402,32403,32405,32406,32407,32408,32800,32801,32802,32803,32805,32806,32807,32808,32809,33100,33101,33102,33103,33104,33105,33106,33107,33108,33109,33300,33301,33302,33303,33304,33308,33309,34100,34101,34102,34104,34105,34106,34107,34108,34109,34300,34301,34302,34304,34305,34306,34307,34308,34309,53700,53702,54302,54304,54305,54306,54307,54308,55201,55205,55206,55208,55209,55501,55503,55504,55507,55509,55550,55640,56660,57870,66510,67110,67760,71410,71560,73220

плохая маска:
24307,24309,24601,24605,24901,24902,24905,25002,25003,25007,25008,25012,25015,25020,25021,25024,25027,25028,25036,25041,25044,25045,25048,25052,25053,25056,25058,25060,25072,25079,25080,25081,25082,25084,25087,25093,25202,25204,25205,25206,25207,25304,25305,25306,25308,25900,25904,26160,26200,26208,26209,26906,27804,27805,27809,28202,28203,28206,28208,28300,28304,28305,28306,28500,28501,28850,29200,29201,29203,29204,29207,29400,29407,29408,29502,29504,29506,20508,31101,31102,31104,31106,31109,31603,31604,31605,31606,32000,32002,32008,32011,32012,32015,32016,32020,32032,32033,32034,32036,32037,32038,32041,32044,32052,32059,32060,32064,32065,32066,32067,32069,32071,32075,32077,32083,32088,32090,32401,32403,32406,33102,33104,33107,34104,34300,34307,34308,

плохое изображение:
24530,24590,24600,24604,24606,24609,24690,24900,24907,25004,25014,25031,25043,25049,25050,25054,25067,25071,25098,25208,25301,25309,25908,26202,26470,26902,27808,28505,28506,28508,29208,29403,29405,29501,29503,29509,31100,32004,32017,32022,32025,32030,32048,32061,32070,32079,32081,32092,32094,32096,32098,32301,32302,32307,32308,32309,32408,32806,32807,32809,33301,33303,34100,53702,54302,54306,54308,55201,55205,55206,55208,55209,55501,55503,55504,57870, sgds



