нет масок?: 31100,31101,31102,31104,31105,31106,31107,31109,31602-31609,32000-32098,32300-32309,32400-32408,32800-32809,33100-33109,33300-33309,34100-34109,34300-34309,53700,53702, 54302,54304,54305,54306,54307,54308,55201-55209,55501,55503,55504,55507,55509,55550,55640,56660,57870,

__________________________________________________________________________________________
Плохое изображение: 61010, 61020, 61022, 61035, 61054, 61056, 61076, 61078, 61079, 61081, 61088, 61097, 61100, 611104, 61110, 61119, 61124, 61135, 61143, 61163, 61164, 61165, 61175, 61182, 61194, 61195, 61209, 61239, 61253, 61278, 61291, 61301, 61309, 61311, 61320, 61324, 61328, 61348, 61362, 61372, 61386, 61402, 61419, 61436, 61440, 61446, 61454, 61470, 61471, 61473, 61481, 61491, 61504, 61509, 61511, 61515, 61541, 61543, 61544, 61555, 61556, 61559, 61577, 61587, 61615, 61626, 61630, 61634, 61649, 61670, 61683, 61704, 61709, 61716, 61719, 61732, 61745, 61756, 61770, 61778, 61798, 61824, 61842,  61848, 61850,61861, 61864, 61866, 61883, 61891, 61905, 61908, 61909, 61915, 61928, 61940, 61944, 61950, 61956, 61971, 61972, 62028, 62031, 62033, 62037, 62040, 62048, 62052, 62080, 62082, 62093, 62096, 62098, 62102, 62105, 62108, 62114, 62120, 62138, 62141, 62150, 62167, 62181, 62194, 62199, 62204, 62208, 62215, 62218, 62225, 62244, 62254, 62259, 62270, 62295, 62299, 62113, 62342, 62356, 62359, 62364, 62375, 62386, 62393, 62395, 62414, 62418, 62420, 62444, 62447, 62471, 62473, 62477, 62480, 62485, 62488, 62492, 62496, 62504, 62536, 62583, 62588, 62602, 62612, 62615, 62623, 62632, 62633, 62637, 62645, 62657, 62683, 62684, 62685, 62688, 62737, 62752, 62764, 62767, 62772, 62777, 62783, 62792, 62799, 62802, 62806, 62817, 62821, 62834, 62837, 62843, 62850, 62851, 62875, 62904, 62917, 62918, 62919, 62945, 62954, 61614, 61643, 61791, 62121, 62423, 62442, 62450, 62708, 62899, 62914, 62950, 62978

Плохая маска: 61005, 61008, 61057, 61058, 61066, 61072, 61086, 61112, 61127, 61157, 61174, 61178, 61179, 61186, 61188, 61207, 61208, 61224, 61241, 61250, 61254, 61265, 61272, 61293, 61302, 61312, 61352, 61363, 61369, 61398, 61407, 61411, 61418, 61430, 61468, 61483, 61501, 61512, 61516, 61532, 61535, 61545, 61553, 61554, 61586, 61590, 61595, 61600, 61606, 61607, 61612, 61616, 61636, 61641, 61643, 61648, 61651, 61660, 61664, 61686, 61686, 61370, 61710, 61715, 61751, 61795, 61796, 617806, 617807, 61819, 61829, 61853, 61870, 61889, 61906, 61918, 61921, 61945, 62015, 62016, 62020, 62061, 62103, 62112, 62137, 62144, 62162, 62205, 62260, 62262, 62271, 62304, 62318, 62319, 62333, 62383, 62404, 62430, 62443, 62474, 62491, 62497, 62503, 62523, 62547, 62575, 62591, 62597, 62620, 62626, 62635, 62674, 62686, 62702, 62704, 62705, 62722, 62724, 62756, 62782, 62795, 62861, 62911, 62920, 62926, 62928, 62955, 62963, 62967, 62970, 62985, 61055, 61062, 61095, 61137, 61177, 61205, 61266, 61290, 61296, 61303, 61313, 61337, 61345, 61355, 61359, 61371, 61450, 61460, 61672, 61741, 61831, 61960, 61999, 62042, 62185, 62217, 62236, 62340, 62402, 62511, 62559, 62589, 62647, 62648, 62804, 62860, 62902, 62927, 62948

Не хорошая/не плохая маска: 63088, 63123, 63130, 63139, 63160, 63167, 63262, 63349, 63582, 63607, 63613, 63801, 

Плохое изображение:63004, 63007, 63030, 63031, 63066, 63074, 63094, 63097, 63149, 63157, 63158, 63195, 63209,  63231, 63239, 63245, 63266, 63274, 63279, 63283, 63290, 63294, 63298, 63309, 63373, 63375, 63382, 63397, 63416, 63419, 63420, 63433, 63440, 63453, 63464, 63472, 63475, 63492, 63512, 63515, 63525, 63530, 63534, 63560, 63572, 63586, 63592, 63595, 63601, 63610, 63639, 63649, 63651, 63652, 63662, 63666, 63673, 63687, 63689, 63693, 63710, 63725, 63732, 63754, 63756, 63761, 63779, 63793, 63811, 63815, 63820, 63825, 63829, 63834, 63859, 63860, 63865, 63866, 63871, 63882, 63885, 63903, 63923, 63926, 63928, 63931, 63935, 63936, 63947, 63958, 63962, 63965, 63971, 63979, 63002, 63021, 63059, 63083, 63090, 63093, 63101, 63174, 63184, 63251, 63258, 63263, 63337, 63338, 63391, 63394, 63404, 63428, 63450, 63546, 63881, 63952, 63981

Плохая маска:63034, 63056, 63061, 63067, 63087, 63099, 63109, 63143, 63150, 63151, 63190, 63199, 63208, 63223, 63226, 63228, 63234б 63252, 63265, 63271, 63299, 63300, 63302, 63314, 63386, 63399, 63402, 63410, 63447, 63465, 63507, 63532, 63568, 63574, 63575, 63587, 63600, 63602, 63606, 63609, 63611, 63620, 63636, 63659, 63690, 63727, 63753, 63757, 63795, 63803, 63808, 63822, 63861, 63897, 63948, 63977
__________________________________________________________________________________________


плохое изображение: 
29819,29856,29954,29985,30006,30072,30085,30120,30132,30234,30236,30426,30454,30461,30505,30566,30569,30643,30687,30771,30881,30915,31023,31048,31057,31172,31328,31260,31281,31327,31351,31353,31473,31524,31533,31727,31749,31793,31848,31934,31973,31981,31997,32140,32182,32191,32209,32214,32257,32388,32519,32521,32584,32586,32607,32634,32674,32682,32701,32703,32749,32922,32958,32988,33006,33034,33038,33067,33074,33086,33098,33146,33168,33177,33286,33299,33344,33417,33418,33424,33426,33537,33556,33704,33843,33856,33878,33958,33979,33999,34016,34155,34161,34173,34185,34281,34284,34294,53454,53459,53463,53469,53473,53479,53483,53500,53504,53508,53524,53529,53530,53534,53541,53544,53549,53555,53559,53570,53572,53584,53591,53601,53617,53628,53630,53643,53644,53645,53648,53649,53659,53671,53695,53698,53719,53731,53742,53763,53790,53796,53800,53815,53824,53830,53839,53858,53870,53876,53877,53913,53918,53933,53937,53939,53953,53973,53976,53980,53981,54012,54018,54021,54023,54043,54061,54062,54065,54070,54074,54082,54087,54107,54113,54121,54133,54138,54140,54141,54145,54146,54159,54171,54192,54193,54194,54197,54202,54205,54220,54286,54288,54298,54322,54330,54332,54334,54341,54351,54356,54362,54365,54370,54377,54382,54390,54402,54409,54414,54427,54440,54450,54459,54464,54465,54482,54483,54487,54492,54502,54504,54527,54557,54570,54572,54573,54575,54576,54602,54619,54623,54626,54649,54662,54664,54674,54676,54692,54710,54730,54735,54738,54740,54741,54745,54756,54772,54796,54831,54853,54859,54873,54874,54877,54881,54885,54889,54896,54904,54906,54924,54942,54954,54956,54975,54977,54979,55007,55014,55053,55057,55066,55081,55087,55120,55136,55157,55161,55178,55181,55184,55198,55221,55222,55236,55241,55243,55246,55254,55274,55275,55279,55287,55291,55293,55310,55315,55317,55318,55327,55337,55356,55375,55395,55397,55401,55405,55412,55428,55441,55444,55450,55455,55459,55460,55462,55467,55468,55486,55491,55498,55511,55549,55551,55554,55584,55600,55606,55614,55643,55660,55663,55675,55681,55703,55716,55723,55728,55739,55741,55743,55766,55771,55775,55806,55812,55818,55832,55836,55845,55850,55861,55866,55882,55895,55897,55899,55902,55924,55930,55937,55940,55951,55960,55963,55968,55976,55994,55996,56000,56019,56020,56036,56040,56042,56077,56083,56099,56102,56119,56126,56127,56153,56157,56172,56177,56185,56186,56190,56192,56201,56210,56214,56226,56250,56253,56259,56263,56265,56270,56294,56298,56310,56321,56346,56372,56403,56406,56422,56440,56479,56496,56503,56512,56516,56528,56544,56552,56563,56571,56572,56573,56580,56584,56600,56604,56607,56615,56625,56626,56638,56659,56664,56670,56676,56707,56710,56717,56726,56728,56740,56747,56752,56772,56799,56800,56806,56815,56843,56899,56914,56915,56917,56918,56963,56967,56968,56998,57017,57019,57020,57021,57027,57039,57044,57047,57048,57054,57055,57061,57067,57075,57083,57086,57088,57090,57111,57112,57117,57132,57136,57164,57168,57170,57172,57173,57175,57180,57187,57193,57195,57196,57211,57213,57218,57241,57251,57255,57257,57261,57263,57266,57279,57286,57292,57296,57299,57308,57323,57324,57328,57333,57349,57373,57375,57377,57384,57391,57393,57396,57399,57400,57408,57417,57424,57427,57440,57442,57445,57450,57451,57456,57457,57459,57474,57498,57500,57503,57504,57511,57513,57518,57522,57542,57545,57550,57556,57560,57562,57564,57569,57572,57574,57587,57591,57592,57594,57600,57611,57617,57621,57626,57631,57634,57654,57657,57662,57666,57672,57687,57692,57705,57707,57710,57713,57715,57723,57725,57727,57729,57732,57734,57736,57744,57748,57755,57757,57760,57763,57785,57787,57791,57801,57804,57805,57815,57816,57817,57818,57820,57822,57823,57825,57827,57828,57837,57839,57845,57849,57853,57874,57882,57884,57885,57889,57893,57896,57905,57915,57918,57919,57924,57933,57941,57947,57949,57953,57963,57973,57974,57977,57979,57980,57988,57996,58000,58011,58023,58025,58033,58036,58043,58057,58059,58063,58067,58071,58087,58088,58099,58108,58110,58116,58130,58138,58142,58149,58156,58166,58173,58176,58188,58202,58206,58222,58223,58231,58237,58240,58245,58256,58259,58276,58274,58278,58284,58285,58298,58304,58309,58310,58315,58319,58332,58335,58337,58348,58349,58357,58361,58362,58366,58367,58368,58374,58376,58380,58383,58387,58391,58392,58393,58397,58405,58410,58419,58429,58430,58432,58433,58434,58436,58447,58448,58453,58458,58463,58465,58468,58470,58474,58476,58477,58482,58489,58513,58514,58517,58518,58527,58531,58539,58549,58552,58553,58555,58556,58559,28561,58573,58576,58578,58586,58599,58602,58608,58627,58630,58631,58633,58634,58635,58644,58649,58654,58655,58660,58662,58666,58670,58676,58678,58679,58683,58687,58698,58699,58703,58704,58713,58722,58735,58751,58753,58761,58765,58766,58768,58770,58774,58775,58780,58781,58806,58808,58809,58819,58826,58829,58832,58833,58837,58842,58850,58857,58860,58866,58867,58868,58876,58878,58897,58898,58900,58901,58903,58905,58909,58910,58911,58935,58956,58957,58965,58966,58973,58978,58984,58987,58993,58996,58997,58998,59015,59050,59057,59063,59069,59076,59080,59082,59089,59092,59095,59106,59124,59129,59143,59147,59166,59181,59183,59199,59216,59218,59231,59245,59248,59252,59266,59267,59268,59275,59278,59281,59291,59300,59301,59307,59308,59313,59329,59334,59346,59362,59386,59387,59388,59393,59411,59418,59424,59426,59427,59433,59448,59454,59457,59468,59481,59486,59488,59490,59503,59506,59533,59551,59552,59554,59562,59563,59577,59585,59600,59628,59631,59642,59648,59671,59680,59681,59682,59690,59692,59697,59707,59714,59718,59719,59729,59730,59764,59766,59768,59776,59783,59797,59884,59897,59905,59922,59929,59930,59946,59950,59984,59992,59997,60006,60020,60021,60022,60023,60032,60050,60091,60099,60117,60132,60133,60135,60149,60150,60151,60152,60163,60166,60168,60194,60195,60209,60215,60222,60223,60225,60228,60243,60244,60256,60263,60264,60267,60268,60270,60288,60298,60307,60309,60320,60338,60340,60342,60372,60377,60390,60393,60414,60418,60431,60439,60448,60454,60459,60476,60481,60487,60502,60506,60517,60533,60556,60592,60601,60602,60619,60633,60643,60645,60646,60648,60653,60654,60671,60677,60682,60683,60698,60702,60731,60732,60736,60746,60749,60758,60764,60773,60780,60787,60798,60817,60818,60827,60839,60844,60845,60846,60854,60858,60880,60883,60897,60914,60922,60927,60931,60946,60947,60954,60955,60962,60972,60975,60976,60997,64006,64010,64018,64048,64058,64064,64066,64069,64089,64091,64099,64102,64120,64128,64138,64145,64149,64150,64157,64195,64200,64205,64212,64213,64237,64240,64247,64248,64265,64269,64275,64286,64288,64289,64300,64310,64318,64321,64325,64342,64349,64357,64367,64385,64399,64412,64416,64423,64424,64428,64444,64459,64462,64481,64483,64488,64489,64506,64507,64509,64521,64536,64541,64545,64554,64563,64578,64602,64608,64626,64634,64649,64655,64657,64667,64673,64676,64686,64693,64727,64744,64753,64754,64759,64761,64772,64773,64785,64829,64832,64845,64848,64851,64877,64882,64884,64885,64887,64889,64905,64909,64913,64943,64962,64998,65026,65028,65031,65033,65047,65049,65051,65067,65069,65075,65083,65089,65098,65105,65110,65121,65134,65136,65146,65156,65181,65186,65195,65208,65213,65218,65221,65227,65233,65235,65247,65249,65277,65280,65287,65313,65315,65322,65323,65330,65339,65342,65362,65367,65374,65379,65396,65407,65417,65420,65421,65432,65433,65471,65489,

плохая маска: 
29833,29953,30183,30196,30301,30333,30357,30410,30462,30543,30675,30756,30767,30824,30839,30925,30951,31077,31374,31387,31479,31483,31494,31596,31711,31942,31995,32109,32244,32492,32510,32522,32531,32535,32544,32547,32549,32591,32697,32700,32707,32716,32728,32736,32744,32750,32813,32815,32816,32832,32848,32856,32871,32874,32894,32909,32913,32914,32923,32931,32942,32970,32990,33040,33061,33110,33112,33125,33154,33178,33192,33202,33204,33209,33218,33224,33225,33240,33243,33312,33327,33337,33350,33373,33381,33390,33395,33404,33415,33454,33471,33472,33477,33478,33479,33518,33520,33522,33564,33568,33569,33594,33636,33663,33665,33696,33698,33710,33730,33745,33748,33754,33796,33806,33819,33820,33825,33835,33885,33906,33930,33953,33954,33957,33985,33992,34028,34032,34036,34046,34054,34055,34063,34071,34112,34133,34180,34202,34207,34216,34220,34228,34234,34242,34253,34275,34287,34316,53510,53551,53582,53583,53603,53637,53696,53739,53753,53760,53761,53774,53801,53846,53861,53891,53920,53922,53940,54039,54166,54167,54270,54287,54290,54291,54357,54404,54406,54418,54422,54436,54528,54537,54568,54597,54624,54629,54672,54673,54683,54729,54777,54803,54819,54864,54871,54914,54982,54996,55008,55035,55048,55065,55141,55253,55263,55265,55299,55343,55393,55426,55533,55546,55577,55601,55714,55747,55769,55778,55983,56017,56064,56079,56092,56905,56202,56274,56275,56305,56313,56314,56316,56391,56428,56436,56439,56448,56466,56483,56565,56577,56601,56605,56651,56656,56789,56810,56822,56884,56887,56902,56923,57005,57008,57009,57020,57011,57025,57059,57095,57106,57108,57138,57140,57141,57147,57150,57153,57185,57234,57242,57252,57287,57304,57336,57354,57355,57364,57381,57395,57404,57418,57429,57439,57501,57531,57604,57609,57665,57656,57681,57694,57701,57784,57821,57840,57871,57898,57902,57908,57910,58024,58030,58050,58050,58054,58079,58085,58145,58146,58183,58186,58191,58197,58251,58252,58338,58339,58389,58426,58444,58508,58570,58582,58600,58641,58647,58651,58658,58710,58711,58723,58724,58736,58787,58790,58797,58804,58813,58822,58835,58836,58858,58874,58886,58887,58930,58947,58999,59019,59068,59072,59140,59141,59165,59243,59257,59264,59350,59358,59439,59441,59606,59611,59670,59746,59753,59813,59959,60034,60038,60040,60046,60085,60094,60097,60147,60191,60216,60351,60471,60491,60510,60514,60585,60696,60785,60930,60967,60979,64114,64161,64167,64183,64191,64259,64339,64414,64475,64503,64612,64637,64643,64672,64705,64710,64719,64721,64725,64728,64734,64795,64803,64820,64823,64852,64863,64899,64907,64908,64919,64965,64980,64992,65013,65021,65023,65163,65204,65214,65236,65290,65292,65308,65309,65371,65380,65427,65428,65449,65463,65509,65516(sdgsgs)












