все что не попало в файл - плохое изображение

плохая маска:12337,12358,12383,12417,12522,12527,12537,12543,12719,12772,12790,12851,12856,12884,12974,12986,13089,13150,13160,13200,13319,13371,13493,13625,13731,13817,13841,13876,14120,14139,14386,14504,14515,14526,14652,14310,14311,

хорошая маска:12217,12227,12272,12294,12299,12375,12377,12379,12448,12455,12459,12501,12513,12516,12548,12693,12720,12757,12811,12840,12845,12848,12927,12955,12959,12998,13033,13035,13088,13146,13167,13177,13189,13268,13316,13335,13421,13667,13673,13709,13725,13764,13765,14055,14212,14216,14341,14382,13492,14397,14567,14569,14572,14586,14593,14595,14595,14599,14600,14601,14602,14603,14605,14606,14607,14608,14609,14611,14613,14616,14621,14623,14624,14627,14629,14638,14640,14648,14649,14653,14654,14711,14770,14793,14804,

начиная отсюда (14806) оставшиеся - хорошие маски

плохая маска:
14823,15006,15158,24592,25656,27219,27344,27550,27893,29176,30173,30822,30965,31090,31430,32373,32557,32570,32681,32745,32898,33200,33438,33507,33581,33592,33601,33677,33783,33791,33913,34031,34040,34259,53457,54128,54174,54336,54342,54521,54546,54592,54823,54879,54897,54908,54911,55816,55942,56058,56115,56132,56174,56456,56732,56769,56882,57062,57289,57298,57580,57746,57778,57863,57943,57958,58026,58119,58324,58487,58589,59598,58664,58684,58856,58904,58967,59155,59277,59383,59494,59623,60204,60361,60579,60594,60902,61041,61142,61168,61335,61605,61652,61708,62047,62549,62689,62807,63085,63304,

плохое изображение:
14806,15062,24623,24643,24982,25312,25519,25703,26248,26522,26538,26614,26675,26737,26857,27588,27967,28223,28640,28842,29039,29474,29527,29741,30118,30137,30280,30522,30768,31138,31344,31506,31980,32215,32343,32445,32618,33762,53475,53562,53595,53627,53653,53657,53666,53679,53685,53697,53708,53738,53749,53849,53889,53892,53932,53944,53950,53968,54052,54057,54178,54297,54324,54378,54394,54433,54598,54634,54635,54644,54660,54690,54731,54951,55027,55036,55097,55100,55102,55112,55121,55146,55218,55292,55302,55316,55328,55342,55348,55350,55434,55447,55609,55686,55732,55870,55956,55989,56005,56037,56053,56175,56278,56290,56302,56419,56517,56520,56521,56522,56523,56529,56582,56586,56611,56621,56630,56643,56654,56672,56687,56699,56756,56829,56904,56920,56956,57040,57041,57072,57126,57145,57245,57294,57346,57351,57357,57361,57387,57449,57552,57575,57576,57640,57675,57706,57739,57740,57798,57847,57880,57890,57904,57930,57984,57986,58029,58032,58153,58161,58179,58185,58192,58219,58269,58277,58293,58305,58318,58400,58421,58449,58459,58506,58507,58524,58540,58563,58593,58622,59632,58681,58741,58776,58825,58902,58939,58942,58949,58994,59028,59053,59087,59110,59198,59250,59298,59372,59378,59403,59480,59553,59620,59678,59765,59789,59839,59886,59935,60035,60041,60098,60105,60136,60173,60207,60235,60269,60271,60282,60333,60348,60356,60404,60478,60509,60522,60546,60549,60565,60580,60623,60639,60663,60670,60678,60697,60704,60706,60829,60775,60800,60807,60814,60824,60926,60989,61016,61046,61170,61243,61331,61365,61376,61388,61405,61464,61476,61493,61499,61513,61557,61593,61610,61658,61667,61689,61691,61692,61725,61757,61767,61820,61892,61904,61985,61988,62043,62095,62116,62117,62216,62226,62233,62238,62368,62379,62387,62494,62566,62574,62584,62590,62611,62641,62658,62662,62739,62743,62753,62754,62768,62814,62830,62877,62884,62951,62961,62971,63001,63042,63076,63134,63183,63187,63206,63320,sgsd
